{
 "cells": [
  {
   "cell_type": "code",
   "execution_count": 1,
   "id": "4949d077",
   "metadata": {},
   "outputs": [],
   "source": [
    "import pandas as pd\n",
    "import matplotlib.pyplot as plt\n",
    "import statsmodels.api as sm\n",
    "import numpy as np\n",
    "import talib"
   ]
  },
  {
   "cell_type": "code",
   "execution_count": 2,
   "id": "43740c4c",
   "metadata": {},
   "outputs": [
    {
     "data": {
      "text/html": [
       "<div>\n",
       "<style scoped>\n",
       "    .dataframe tbody tr th:only-of-type {\n",
       "        vertical-align: middle;\n",
       "    }\n",
       "\n",
       "    .dataframe tbody tr th {\n",
       "        vertical-align: top;\n",
       "    }\n",
       "\n",
       "    .dataframe thead th {\n",
       "        text-align: right;\n",
       "    }\n",
       "</style>\n",
       "<table border=\"1\" class=\"dataframe\">\n",
       "  <thead>\n",
       "    <tr style=\"text-align: right;\">\n",
       "      <th></th>\n",
       "      <th>Date</th>\n",
       "      <th>Close/Last</th>\n",
       "      <th>Volume</th>\n",
       "      <th>Open</th>\n",
       "      <th>High</th>\n",
       "      <th>Low</th>\n",
       "    </tr>\n",
       "  </thead>\n",
       "  <tbody>\n",
       "    <tr>\n",
       "      <th>0</th>\n",
       "      <td>01/28/2022</td>\n",
       "      <td>$170.33</td>\n",
       "      <td>179935700</td>\n",
       "      <td>$165.71</td>\n",
       "      <td>$170.35</td>\n",
       "      <td>$162.8</td>\n",
       "    </tr>\n",
       "    <tr>\n",
       "      <th>1</th>\n",
       "      <td>01/27/2022</td>\n",
       "      <td>$159.22</td>\n",
       "      <td>121954600</td>\n",
       "      <td>$162.45</td>\n",
       "      <td>$163.84</td>\n",
       "      <td>$158.28</td>\n",
       "    </tr>\n",
       "    <tr>\n",
       "      <th>2</th>\n",
       "      <td>01/26/2022</td>\n",
       "      <td>$159.69</td>\n",
       "      <td>108275300</td>\n",
       "      <td>$163.5</td>\n",
       "      <td>$164.3894</td>\n",
       "      <td>$157.82</td>\n",
       "    </tr>\n",
       "    <tr>\n",
       "      <th>3</th>\n",
       "      <td>01/25/2022</td>\n",
       "      <td>$159.78</td>\n",
       "      <td>115798400</td>\n",
       "      <td>$158.98</td>\n",
       "      <td>$162.76</td>\n",
       "      <td>$157.02</td>\n",
       "    </tr>\n",
       "    <tr>\n",
       "      <th>4</th>\n",
       "      <td>01/24/2022</td>\n",
       "      <td>$161.62</td>\n",
       "      <td>162706700</td>\n",
       "      <td>$160.02</td>\n",
       "      <td>$162.3</td>\n",
       "      <td>$154.7</td>\n",
       "    </tr>\n",
       "    <tr>\n",
       "      <th>...</th>\n",
       "      <td>...</td>\n",
       "      <td>...</td>\n",
       "      <td>...</td>\n",
       "      <td>...</td>\n",
       "      <td>...</td>\n",
       "      <td>...</td>\n",
       "    </tr>\n",
       "    <tr>\n",
       "      <th>2513</th>\n",
       "      <td>02/03/2012</td>\n",
       "      <td>$16.4171</td>\n",
       "      <td>286475725</td>\n",
       "      <td>$16.3321</td>\n",
       "      <td>$16.4286</td>\n",
       "      <td>$16.27</td>\n",
       "    </tr>\n",
       "    <tr>\n",
       "      <th>2514</th>\n",
       "      <td>02/02/2012</td>\n",
       "      <td>$16.2543</td>\n",
       "      <td>186460101</td>\n",
       "      <td>$16.2821</td>\n",
       "      <td>$16.3275</td>\n",
       "      <td>$16.2136</td>\n",
       "    </tr>\n",
       "    <tr>\n",
       "      <th>2515</th>\n",
       "      <td>02/01/2012</td>\n",
       "      <td>$16.2925</td>\n",
       "      <td>269077484</td>\n",
       "      <td>$16.3718</td>\n",
       "      <td>$16.3925</td>\n",
       "      <td>$16.2696</td>\n",
       "    </tr>\n",
       "    <tr>\n",
       "      <th>2516</th>\n",
       "      <td>01/31/2012</td>\n",
       "      <td>$16.3029</td>\n",
       "      <td>391497243</td>\n",
       "      <td>$16.2711</td>\n",
       "      <td>$16.3657</td>\n",
       "      <td>$16.1811</td>\n",
       "    </tr>\n",
       "    <tr>\n",
       "      <th>2517</th>\n",
       "      <td>01/30/2012</td>\n",
       "      <td>$16.1789</td>\n",
       "      <td>378507209</td>\n",
       "      <td>$15.9182</td>\n",
       "      <td>$16.2107</td>\n",
       "      <td>$15.9068</td>\n",
       "    </tr>\n",
       "  </tbody>\n",
       "</table>\n",
       "<p>2518 rows × 6 columns</p>\n",
       "</div>"
      ],
      "text/plain": [
       "            Date Close/Last     Volume      Open       High       Low\n",
       "0     01/28/2022    $170.33  179935700   $165.71    $170.35    $162.8\n",
       "1     01/27/2022    $159.22  121954600   $162.45    $163.84   $158.28\n",
       "2     01/26/2022    $159.69  108275300    $163.5  $164.3894   $157.82\n",
       "3     01/25/2022    $159.78  115798400   $158.98    $162.76   $157.02\n",
       "4     01/24/2022    $161.62  162706700   $160.02     $162.3    $154.7\n",
       "...          ...        ...        ...       ...        ...       ...\n",
       "2513  02/03/2012   $16.4171  286475725  $16.3321   $16.4286    $16.27\n",
       "2514  02/02/2012   $16.2543  186460101  $16.2821   $16.3275  $16.2136\n",
       "2515  02/01/2012   $16.2925  269077484  $16.3718   $16.3925  $16.2696\n",
       "2516  01/31/2012   $16.3029  391497243  $16.2711   $16.3657  $16.1811\n",
       "2517  01/30/2012   $16.1789  378507209  $15.9182   $16.2107  $15.9068\n",
       "\n",
       "[2518 rows x 6 columns]"
      ]
     },
     "execution_count": 2,
     "metadata": {},
     "output_type": "execute_result"
    }
   ],
   "source": [
    "df = pd.read_csv('HistoricalData_1643468836007.csv')\n",
    "df"
   ]
  },
  {
   "cell_type": "code",
   "execution_count": 3,
   "id": "270ada24",
   "metadata": {},
   "outputs": [
    {
     "name": "stdout",
     "output_type": "stream",
     "text": [
      "Date          datetime64[ns]\n",
      "Close/Last           float64\n",
      "Volume                 int64\n",
      "Open                 float64\n",
      "High                 float64\n",
      "Low                  float64\n",
      "dtype: object\n"
     ]
    },
    {
     "data": {
      "text/html": [
       "<div>\n",
       "<style scoped>\n",
       "    .dataframe tbody tr th:only-of-type {\n",
       "        vertical-align: middle;\n",
       "    }\n",
       "\n",
       "    .dataframe tbody tr th {\n",
       "        vertical-align: top;\n",
       "    }\n",
       "\n",
       "    .dataframe thead th {\n",
       "        text-align: right;\n",
       "    }\n",
       "</style>\n",
       "<table border=\"1\" class=\"dataframe\">\n",
       "  <thead>\n",
       "    <tr style=\"text-align: right;\">\n",
       "      <th></th>\n",
       "      <th>Date</th>\n",
       "      <th>Close/Last</th>\n",
       "      <th>Volume</th>\n",
       "      <th>Open</th>\n",
       "      <th>High</th>\n",
       "      <th>Low</th>\n",
       "    </tr>\n",
       "  </thead>\n",
       "  <tbody>\n",
       "    <tr>\n",
       "      <th>0</th>\n",
       "      <td>2022-01-28</td>\n",
       "      <td>170.3300</td>\n",
       "      <td>179935700</td>\n",
       "      <td>165.7100</td>\n",
       "      <td>170.3500</td>\n",
       "      <td>162.8000</td>\n",
       "    </tr>\n",
       "    <tr>\n",
       "      <th>1</th>\n",
       "      <td>2022-01-27</td>\n",
       "      <td>159.2200</td>\n",
       "      <td>121954600</td>\n",
       "      <td>162.4500</td>\n",
       "      <td>163.8400</td>\n",
       "      <td>158.2800</td>\n",
       "    </tr>\n",
       "    <tr>\n",
       "      <th>2</th>\n",
       "      <td>2022-01-26</td>\n",
       "      <td>159.6900</td>\n",
       "      <td>108275300</td>\n",
       "      <td>163.5000</td>\n",
       "      <td>164.3894</td>\n",
       "      <td>157.8200</td>\n",
       "    </tr>\n",
       "    <tr>\n",
       "      <th>3</th>\n",
       "      <td>2022-01-25</td>\n",
       "      <td>159.7800</td>\n",
       "      <td>115798400</td>\n",
       "      <td>158.9800</td>\n",
       "      <td>162.7600</td>\n",
       "      <td>157.0200</td>\n",
       "    </tr>\n",
       "    <tr>\n",
       "      <th>4</th>\n",
       "      <td>2022-01-24</td>\n",
       "      <td>161.6200</td>\n",
       "      <td>162706700</td>\n",
       "      <td>160.0200</td>\n",
       "      <td>162.3000</td>\n",
       "      <td>154.7000</td>\n",
       "    </tr>\n",
       "    <tr>\n",
       "      <th>...</th>\n",
       "      <td>...</td>\n",
       "      <td>...</td>\n",
       "      <td>...</td>\n",
       "      <td>...</td>\n",
       "      <td>...</td>\n",
       "      <td>...</td>\n",
       "    </tr>\n",
       "    <tr>\n",
       "      <th>2513</th>\n",
       "      <td>2012-02-03</td>\n",
       "      <td>16.4171</td>\n",
       "      <td>286475725</td>\n",
       "      <td>16.3321</td>\n",
       "      <td>16.4286</td>\n",
       "      <td>16.2700</td>\n",
       "    </tr>\n",
       "    <tr>\n",
       "      <th>2514</th>\n",
       "      <td>2012-02-02</td>\n",
       "      <td>16.2543</td>\n",
       "      <td>186460101</td>\n",
       "      <td>16.2821</td>\n",
       "      <td>16.3275</td>\n",
       "      <td>16.2136</td>\n",
       "    </tr>\n",
       "    <tr>\n",
       "      <th>2515</th>\n",
       "      <td>2012-02-01</td>\n",
       "      <td>16.2925</td>\n",
       "      <td>269077484</td>\n",
       "      <td>16.3718</td>\n",
       "      <td>16.3925</td>\n",
       "      <td>16.2696</td>\n",
       "    </tr>\n",
       "    <tr>\n",
       "      <th>2516</th>\n",
       "      <td>2012-01-31</td>\n",
       "      <td>16.3029</td>\n",
       "      <td>391497243</td>\n",
       "      <td>16.2711</td>\n",
       "      <td>16.3657</td>\n",
       "      <td>16.1811</td>\n",
       "    </tr>\n",
       "    <tr>\n",
       "      <th>2517</th>\n",
       "      <td>2012-01-30</td>\n",
       "      <td>16.1789</td>\n",
       "      <td>378507209</td>\n",
       "      <td>15.9182</td>\n",
       "      <td>16.2107</td>\n",
       "      <td>15.9068</td>\n",
       "    </tr>\n",
       "  </tbody>\n",
       "</table>\n",
       "<p>2518 rows × 6 columns</p>\n",
       "</div>"
      ],
      "text/plain": [
       "           Date  Close/Last     Volume      Open      High       Low\n",
       "0    2022-01-28    170.3300  179935700  165.7100  170.3500  162.8000\n",
       "1    2022-01-27    159.2200  121954600  162.4500  163.8400  158.2800\n",
       "2    2022-01-26    159.6900  108275300  163.5000  164.3894  157.8200\n",
       "3    2022-01-25    159.7800  115798400  158.9800  162.7600  157.0200\n",
       "4    2022-01-24    161.6200  162706700  160.0200  162.3000  154.7000\n",
       "...         ...         ...        ...       ...       ...       ...\n",
       "2513 2012-02-03     16.4171  286475725   16.3321   16.4286   16.2700\n",
       "2514 2012-02-02     16.2543  186460101   16.2821   16.3275   16.2136\n",
       "2515 2012-02-01     16.2925  269077484   16.3718   16.3925   16.2696\n",
       "2516 2012-01-31     16.3029  391497243   16.2711   16.3657   16.1811\n",
       "2517 2012-01-30     16.1789  378507209   15.9182   16.2107   15.9068\n",
       "\n",
       "[2518 rows x 6 columns]"
      ]
     },
     "execution_count": 3,
     "metadata": {},
     "output_type": "execute_result"
    }
   ],
   "source": [
    "#Removing the $ signs from each value, not needed & messes up my plot\n",
    "df[['Close/Last', 'Open', 'High', 'Low']] = df[['Close/Last', 'Open', 'High', 'Low']].replace({r'\\$':''}, regex = True)\n",
    "\n",
    "# Making sure everything is in the right dtype, easier for the model?\n",
    "df['Date'] = pd.to_datetime(df['Date'])\n",
    "df['Close/Last'] = pd.to_numeric(df['Close/Last'])\n",
    "df['Open'] = pd.to_numeric(df['Open'])\n",
    "df['High'] = pd.to_numeric(df['High'])\n",
    "df['Low'] = pd.to_numeric(df['Low'])\n",
    "\n",
    "print(df.dtypes)\n",
    "df"
   ]
  },
  {
   "cell_type": "code",
   "execution_count": 4,
   "id": "550ac937",
   "metadata": {},
   "outputs": [
    {
     "data": {
      "text/html": [
       "<div>\n",
       "<style scoped>\n",
       "    .dataframe tbody tr th:only-of-type {\n",
       "        vertical-align: middle;\n",
       "    }\n",
       "\n",
       "    .dataframe tbody tr th {\n",
       "        vertical-align: top;\n",
       "    }\n",
       "\n",
       "    .dataframe thead th {\n",
       "        text-align: right;\n",
       "    }\n",
       "</style>\n",
       "<table border=\"1\" class=\"dataframe\">\n",
       "  <thead>\n",
       "    <tr style=\"text-align: right;\">\n",
       "      <th></th>\n",
       "      <th>Date</th>\n",
       "      <th>Close/Last</th>\n",
       "      <th>Volume</th>\n",
       "    </tr>\n",
       "  </thead>\n",
       "  <tbody>\n",
       "    <tr>\n",
       "      <th>524</th>\n",
       "      <td>2019-12-31</td>\n",
       "      <td>73.4125</td>\n",
       "      <td>100990520</td>\n",
       "    </tr>\n",
       "    <tr>\n",
       "      <th>523</th>\n",
       "      <td>2020-01-02</td>\n",
       "      <td>75.0875</td>\n",
       "      <td>135647440</td>\n",
       "    </tr>\n",
       "    <tr>\n",
       "      <th>522</th>\n",
       "      <td>2020-01-03</td>\n",
       "      <td>74.3575</td>\n",
       "      <td>146535520</td>\n",
       "    </tr>\n",
       "    <tr>\n",
       "      <th>521</th>\n",
       "      <td>2020-01-06</td>\n",
       "      <td>74.9500</td>\n",
       "      <td>118578560</td>\n",
       "    </tr>\n",
       "    <tr>\n",
       "      <th>520</th>\n",
       "      <td>2020-01-07</td>\n",
       "      <td>74.5975</td>\n",
       "      <td>111510640</td>\n",
       "    </tr>\n",
       "    <tr>\n",
       "      <th>...</th>\n",
       "      <td>...</td>\n",
       "      <td>...</td>\n",
       "      <td>...</td>\n",
       "    </tr>\n",
       "    <tr>\n",
       "      <th>4</th>\n",
       "      <td>2022-01-24</td>\n",
       "      <td>161.6200</td>\n",
       "      <td>162706700</td>\n",
       "    </tr>\n",
       "    <tr>\n",
       "      <th>3</th>\n",
       "      <td>2022-01-25</td>\n",
       "      <td>159.7800</td>\n",
       "      <td>115798400</td>\n",
       "    </tr>\n",
       "    <tr>\n",
       "      <th>2</th>\n",
       "      <td>2022-01-26</td>\n",
       "      <td>159.6900</td>\n",
       "      <td>108275300</td>\n",
       "    </tr>\n",
       "    <tr>\n",
       "      <th>1</th>\n",
       "      <td>2022-01-27</td>\n",
       "      <td>159.2200</td>\n",
       "      <td>121954600</td>\n",
       "    </tr>\n",
       "    <tr>\n",
       "      <th>0</th>\n",
       "      <td>2022-01-28</td>\n",
       "      <td>170.3300</td>\n",
       "      <td>179935700</td>\n",
       "    </tr>\n",
       "  </tbody>\n",
       "</table>\n",
       "<p>525 rows × 3 columns</p>\n",
       "</div>"
      ],
      "text/plain": [
       "          Date  Close/Last     Volume\n",
       "524 2019-12-31     73.4125  100990520\n",
       "523 2020-01-02     75.0875  135647440\n",
       "522 2020-01-03     74.3575  146535520\n",
       "521 2020-01-06     74.9500  118578560\n",
       "520 2020-01-07     74.5975  111510640\n",
       "..         ...         ...        ...\n",
       "4   2022-01-24    161.6200  162706700\n",
       "3   2022-01-25    159.7800  115798400\n",
       "2   2022-01-26    159.6900  108275300\n",
       "1   2022-01-27    159.2200  121954600\n",
       "0   2022-01-28    170.3300  179935700\n",
       "\n",
       "[525 rows x 3 columns]"
      ]
     },
     "execution_count": 4,
     "metadata": {},
     "output_type": "execute_result"
    }
   ],
   "source": [
    "close_price_data_since_2020 = df[df['Date'] >= '31-12-2019'].copy()\n",
    "cleaned_df = close_price_data_since_2020.drop(['Open', 'High', 'Low'], axis = 1)\n",
    "cleaned_df= cleaned_df.sort_values(by = 'Date', ascending = True)\n",
    "cleaned_df"
   ]
  },
  {
   "cell_type": "code",
   "execution_count": null,
   "id": "2b1ed385",
   "metadata": {},
   "outputs": [],
   "source": [
    "future_days = 25\n",
    "cleaned_df['predictions'] = cleaned_df['Close/Last'].shift(-future_days)"
   ]
  },
  {
   "cell_type": "code",
   "execution_count": 10,
   "id": "e7dd952f",
   "metadata": {},
   "outputs": [
    {
     "ename": "ValueError",
     "evalue": "The least populated class in y has only 1 member, which is too few. The minimum number of groups for any class cannot be less than 2.",
     "output_type": "error",
     "traceback": [
      "\u001b[1;31m---------------------------------------------------------------------------\u001b[0m",
      "\u001b[1;31mValueError\u001b[0m                                Traceback (most recent call last)",
      "\u001b[1;32m<ipython-input-10-a8bc1e124ad5>\u001b[0m in \u001b[0;36m<module>\u001b[1;34m\u001b[0m\n\u001b[0;32m      5\u001b[0m \u001b[0my\u001b[0m \u001b[1;33m=\u001b[0m \u001b[0mdf\u001b[0m\u001b[1;33m.\u001b[0m\u001b[0mdrop\u001b[0m\u001b[1;33m(\u001b[0m\u001b[1;34m'Close/Last'\u001b[0m\u001b[1;33m,\u001b[0m \u001b[0maxis\u001b[0m \u001b[1;33m=\u001b[0m \u001b[1;36m1\u001b[0m\u001b[1;33m)\u001b[0m\u001b[1;33m.\u001b[0m\u001b[0mvalues\u001b[0m\u001b[1;33m\u001b[0m\u001b[1;33m\u001b[0m\u001b[0m\n\u001b[0;32m      6\u001b[0m \u001b[1;33m\u001b[0m\u001b[0m\n\u001b[1;32m----> 7\u001b[1;33m \u001b[0mX_train\u001b[0m\u001b[1;33m,\u001b[0m \u001b[0mX_test\u001b[0m\u001b[1;33m,\u001b[0m \u001b[0my_train\u001b[0m\u001b[1;33m,\u001b[0m \u001b[0my_test\u001b[0m \u001b[1;33m=\u001b[0m \u001b[0mtrain_test_split\u001b[0m\u001b[1;33m(\u001b[0m\u001b[0mX\u001b[0m\u001b[1;33m,\u001b[0m \u001b[0my\u001b[0m\u001b[1;33m,\u001b[0m \u001b[0mtest_size\u001b[0m \u001b[1;33m=\u001b[0m \u001b[1;36m0.2\u001b[0m\u001b[1;33m,\u001b[0m \u001b[0mrandom_state\u001b[0m \u001b[1;33m=\u001b[0m\u001b[1;36m42\u001b[0m\u001b[1;33m,\u001b[0m \u001b[0mstratify\u001b[0m \u001b[1;33m=\u001b[0m \u001b[0my\u001b[0m\u001b[1;33m)\u001b[0m\u001b[1;33m\u001b[0m\u001b[1;33m\u001b[0m\u001b[0m\n\u001b[0m\u001b[0;32m      8\u001b[0m \u001b[1;33m\u001b[0m\u001b[0m\n\u001b[0;32m      9\u001b[0m \u001b[0mknn\u001b[0m \u001b[1;33m=\u001b[0m \u001b[0mKNeighborsClassifier\u001b[0m\u001b[1;33m(\u001b[0m\u001b[0mn_neighbors\u001b[0m\u001b[1;33m=\u001b[0m \u001b[1;36m7\u001b[0m\u001b[1;33m)\u001b[0m\u001b[1;33m\u001b[0m\u001b[1;33m\u001b[0m\u001b[0m\n",
      "\u001b[1;32m~\\Anaconda3\\lib\\site-packages\\sklearn\\model_selection\\_split.py\u001b[0m in \u001b[0;36mtrain_test_split\u001b[1;34m(test_size, train_size, random_state, shuffle, stratify, *arrays)\u001b[0m\n\u001b[0;32m   2195\u001b[0m                      random_state=random_state)\n\u001b[0;32m   2196\u001b[0m \u001b[1;33m\u001b[0m\u001b[0m\n\u001b[1;32m-> 2197\u001b[1;33m         \u001b[0mtrain\u001b[0m\u001b[1;33m,\u001b[0m \u001b[0mtest\u001b[0m \u001b[1;33m=\u001b[0m \u001b[0mnext\u001b[0m\u001b[1;33m(\u001b[0m\u001b[0mcv\u001b[0m\u001b[1;33m.\u001b[0m\u001b[0msplit\u001b[0m\u001b[1;33m(\u001b[0m\u001b[0mX\u001b[0m\u001b[1;33m=\u001b[0m\u001b[0marrays\u001b[0m\u001b[1;33m[\u001b[0m\u001b[1;36m0\u001b[0m\u001b[1;33m]\u001b[0m\u001b[1;33m,\u001b[0m \u001b[0my\u001b[0m\u001b[1;33m=\u001b[0m\u001b[0mstratify\u001b[0m\u001b[1;33m)\u001b[0m\u001b[1;33m)\u001b[0m\u001b[1;33m\u001b[0m\u001b[1;33m\u001b[0m\u001b[0m\n\u001b[0m\u001b[0;32m   2198\u001b[0m \u001b[1;33m\u001b[0m\u001b[0m\n\u001b[0;32m   2199\u001b[0m     return list(chain.from_iterable((_safe_indexing(a, train),\n",
      "\u001b[1;32m~\\Anaconda3\\lib\\site-packages\\sklearn\\model_selection\\_split.py\u001b[0m in \u001b[0;36msplit\u001b[1;34m(self, X, y, groups)\u001b[0m\n\u001b[0;32m   1385\u001b[0m         \"\"\"\n\u001b[0;32m   1386\u001b[0m         \u001b[0mX\u001b[0m\u001b[1;33m,\u001b[0m \u001b[0my\u001b[0m\u001b[1;33m,\u001b[0m \u001b[0mgroups\u001b[0m \u001b[1;33m=\u001b[0m \u001b[0mindexable\u001b[0m\u001b[1;33m(\u001b[0m\u001b[0mX\u001b[0m\u001b[1;33m,\u001b[0m \u001b[0my\u001b[0m\u001b[1;33m,\u001b[0m \u001b[0mgroups\u001b[0m\u001b[1;33m)\u001b[0m\u001b[1;33m\u001b[0m\u001b[1;33m\u001b[0m\u001b[0m\n\u001b[1;32m-> 1387\u001b[1;33m         \u001b[1;32mfor\u001b[0m \u001b[0mtrain\u001b[0m\u001b[1;33m,\u001b[0m \u001b[0mtest\u001b[0m \u001b[1;32min\u001b[0m \u001b[0mself\u001b[0m\u001b[1;33m.\u001b[0m\u001b[0m_iter_indices\u001b[0m\u001b[1;33m(\u001b[0m\u001b[0mX\u001b[0m\u001b[1;33m,\u001b[0m \u001b[0my\u001b[0m\u001b[1;33m,\u001b[0m \u001b[0mgroups\u001b[0m\u001b[1;33m)\u001b[0m\u001b[1;33m:\u001b[0m\u001b[1;33m\u001b[0m\u001b[1;33m\u001b[0m\u001b[0m\n\u001b[0m\u001b[0;32m   1388\u001b[0m             \u001b[1;32myield\u001b[0m \u001b[0mtrain\u001b[0m\u001b[1;33m,\u001b[0m \u001b[0mtest\u001b[0m\u001b[1;33m\u001b[0m\u001b[1;33m\u001b[0m\u001b[0m\n\u001b[0;32m   1389\u001b[0m \u001b[1;33m\u001b[0m\u001b[0m\n",
      "\u001b[1;32m~\\Anaconda3\\lib\\site-packages\\sklearn\\model_selection\\_split.py\u001b[0m in \u001b[0;36m_iter_indices\u001b[1;34m(self, X, y, groups)\u001b[0m\n\u001b[0;32m   1713\u001b[0m         \u001b[0mclass_counts\u001b[0m \u001b[1;33m=\u001b[0m \u001b[0mnp\u001b[0m\u001b[1;33m.\u001b[0m\u001b[0mbincount\u001b[0m\u001b[1;33m(\u001b[0m\u001b[0my_indices\u001b[0m\u001b[1;33m)\u001b[0m\u001b[1;33m\u001b[0m\u001b[1;33m\u001b[0m\u001b[0m\n\u001b[0;32m   1714\u001b[0m         \u001b[1;32mif\u001b[0m \u001b[0mnp\u001b[0m\u001b[1;33m.\u001b[0m\u001b[0mmin\u001b[0m\u001b[1;33m(\u001b[0m\u001b[0mclass_counts\u001b[0m\u001b[1;33m)\u001b[0m \u001b[1;33m<\u001b[0m \u001b[1;36m2\u001b[0m\u001b[1;33m:\u001b[0m\u001b[1;33m\u001b[0m\u001b[1;33m\u001b[0m\u001b[0m\n\u001b[1;32m-> 1715\u001b[1;33m             raise ValueError(\"The least populated class in y has only 1\"\n\u001b[0m\u001b[0;32m   1716\u001b[0m                              \u001b[1;34m\" member, which is too few. The minimum\"\u001b[0m\u001b[1;33m\u001b[0m\u001b[1;33m\u001b[0m\u001b[0m\n\u001b[0;32m   1717\u001b[0m                              \u001b[1;34m\" number of groups for any class cannot\"\u001b[0m\u001b[1;33m\u001b[0m\u001b[1;33m\u001b[0m\u001b[0m\n",
      "\u001b[1;31mValueError\u001b[0m: The least populated class in y has only 1 member, which is too few. The minimum number of groups for any class cannot be less than 2."
     ]
    }
   ],
   "source": [
    "from sklearn.neighbors import KNeighborsClassifier\n",
    "from sklearn.model_selection import train_test_split\n",
    "\n",
    "X = df['Close/Last'].values\n",
    "y = df.drop('Close/Last', axis = 1).values\n",
    "\n",
    "X_train, X_test, y_train, y_test = train_test_split(X, y, test_size = 0.2, random_state =42, stratify = y)\n",
    "\n",
    "knn = KNeighborsClassifier(n_neighbors= 7)\n",
    "knn.fit(X_train, y_train)\n",
    "knn.score(X_test, y_test)"
   ]
  },
  {
   "cell_type": "code",
   "execution_count": 9,
   "id": "0989b1a3",
   "metadata": {},
   "outputs": [
    {
     "data": {
      "text/plain": [
       "array([170.33  , 159.22  , 159.69  , ...,  16.2925,  16.3029,  16.1789])"
      ]
     },
     "execution_count": 9,
     "metadata": {},
     "output_type": "execute_result"
    }
   ],
   "source": [
    "y"
   ]
  }
 ],
 "metadata": {
  "kernelspec": {
   "display_name": "Python 3",
   "language": "python",
   "name": "python3"
  },
  "language_info": {
   "codemirror_mode": {
    "name": "ipython",
    "version": 3
   },
   "file_extension": ".py",
   "mimetype": "text/x-python",
   "name": "python",
   "nbconvert_exporter": "python",
   "pygments_lexer": "ipython3",
   "version": "3.8.8"
  }
 },
 "nbformat": 4,
 "nbformat_minor": 5
}
